9,6,10,1,9
3,1,7,9,1,4,9,7,2,8
8,10,6,1,10,1,2,7,2,5,3,10,7,2,10
10,9,9,8,8,7,7,6,6,5,5,4,4,3,3,2,2,1
4,5,7,9,7,7,6,3,8,10,1,10,3,9,8,3,9,2,9,7,3,10,9,2,3
6,3,5,10,3,1,6,5,9,4,1,4,7,5,10,4,5,1,5,3,10,4,2,7,2,2,3,2,5,4
1,6,6,7,4,3,1,9,10,3,6,2,6,10,6,1,1,6,3,2,2,5,3,9,1,9,1,9,2,6,8,7,9,9,7
6,2,7,3,4,10,2,4,6,7,10,4,7,4,3,10,7,1,10,2,6,6,2,2,10,9,8,5,10,4,10,10,7,4,9,4,6,10,10,10
2,4,6,1,3,10,7,5,5,6,7,3,9,1,8,2,6,3,6,9,4,3,7,6,9,8,4,7,4,5,9,1,9,4,8,3,3,3,8,1,1,7,6,2,1
8,8,5,7,3,3,3,8,8,3,6,10,9,1,7,6,7,7,6,6,7,3,7,6,8,3,9,5,5,8,10,8,2,3,8,4,4,10,10,4,10,9,6,8,7,3,10,7,3,7
